0.,0.,3.873,3.873
0.,0.,3.8730017337171727,3.8730017337171727
0.,0.,3.872998633986932,3.872998633986932
0.,0.,3.872997080457965,3.872997080457965
0.,0.,3.8729993742245727,3.8729993742245727
0.,0.,3.8729966255588364,3.8729966255588364
0.,0.,3.8729974725927323,3.8729974725927323
0.,0.,3.8729996346063693,3.8729996346063693
0.,0.,3.8730004323529914,3.8730004323529914
0.,0.,3.8730017085088426,3.8730017085088426
0.,0.,3.872999059576931,3.872999059576931
0.,0.,3.872999668013113,3.872999668013113
0.,0.,3.872999216438583,3.872999216438583
0.,0.,3.87299726151917,3.87299726151917
0.,0.,3.8729969499680656,3.8729969499680656
0.,0.,3.873002797130893,3.873002797130893
0.,0.,3.8729998506443644,3.8729998506443644
0.,0.,3.8729996345189575,3.8729996345189575
0.,0.,3.8729994992909167,3.8729994992909167
0.,0.,3.873000251797563,3.873000251797563
0.,0.,3.873000642675797,3.873000642675797
0.,0.,3.8730034407874725,3.8730034407874725
0.,0.,3.8729966322684257,3.8729966322684257
0.,0.,3.8730012622158365,3.8730012622158365
0.,0.,3.8730012802194573,3.8730012802194573
0.,0.,3.8729991735748186,3.8729991735748186
0.,0.,3.8729992665936326,3.8729992665936326
0.,0.,3.8729987022982537,3.8729987022982537
0.,0.,3.8730018428155555,3.8730018428155555
0.,0.,3.873000504110902,3.873000504110902
0.,0.,3.873000778088717,3.873000778088717
0.,0.,3.8730020082052063,3.8730020082052063
0.,0.,3.8729986423725644,3.8729986423725644
0.,0.,3.8730013757346207,3.8730013757346207
0.,0.,3.872997122275317,3.872997122275317
0.,0.,3.87299645805015,3.87299645805015
0.,0.,3.873003322246382,3.873003322246382
0.,0.,3.8730035271237684,3.8730035271237684
0.,0.,3.8729970166655927,3.8729970166655927
0.,0.,3.872998702468071,3.872998702468071
0.,0.,3.8729998870001516,3.8729998870001516
0.,0.,3.8730013256544153,3.8730013256544153
0.,0.,3.8729986565806813,3.8729986565806813
0.,0.,3.872996346801822,3.872996346801822
0.,0.,3.8729969711808168,3.8729969711808168
0.,0.,3.8730013009608992,3.8730013009608992
0.,0.,3.8730018820196586,3.8730018820196586
0.,0.,3.873001211328591,3.873001211328591
0.,0.,3.8730004743245288,3.8730004743245288
0.,0.,3.8729969214261866,3.8729969214261866
0.,0.,3.8730028132905012,3.8730028132905012
0.,0.,3.8729982067613338,3.8729982067613338
0.,0.,3.8730010262603907,3.8730010262603907
0.,0.,3.8729979177194083,3.8729979177194083
0.,0.,3.873000432771913,3.873000432771913
0.,0.,3.8730027907618734,3.8730027907618734
0.,0.,3.873002645828878,3.873002645828878
0.,0.,3.8730011316330817,3.8730011316330817
0.,0.,3.873003412776894,3.873003412776894
0.,0.,3.8729970078057154,3.8729970078057154
0.,0.,3.8729984412263625,3.8729984412263625
0.,0.,3.872998519511888,3.872998519511888
0.,0.,3.872997844633963,3.872997844633963
0.,0.,3.872997745937726,3.872997745937726
0.,0.,3.8729984964042856,3.8729984964042856
0.,0.,3.8730028085787915,3.8730028085787915
0.,0.,3.873003302970334,3.873003302970334
0.,0.,3.8730030341440185,3.8730030341440185
0.,0.,3.873001974966697,3.873001974966697
0.,0.,3.873001545940038,3.873001545940038
0.,0.,3.8730023047036086,3.8730023047036086
0.,0.,3.872997042478265,3.872997042478265
0.,0.,3.872999427127965,3.872999427127965
0.,0.,3.8730011738529044,3.8730011738529044
0.,0.,3.8730021726838024,3.8730021726838024
0.,0.,3.8729971374185523,3.8729971374185523
0.,0.,3.8729984426036816,3.8729984426036816
0.,0.,3.8730006029371578,3.8730006029371578
0.,0.,3.8730001340503137,3.8730001340503137
0.,0.,3.8730024797645317,3.8730024797645317
0.,0.,3.8730008943370486,3.8730008943370486
0.,0.,3.873002430525371,3.873002430525371
0.,0.,3.8730019299671645,3.8730019299671645
0.,0.,3.8729970224742893,3.8729970224742893
0.,0.,3.8730022018637276,3.8730022018637276
0.,0.,3.87299851715632,3.87299851715632
0.,0.,3.872999374834358,3.872999374834358
0.,0.,3.8730033501381183,3.8730033501381183
0.,0.,3.8730001782360337,3.8730001782360337
0.,0.,3.8730003957114105,3.8730003957114105
0.,0.,3.8730001503585636,3.8730001503585636
0.,0.,3.8730017785694786,3.8730017785694786
0.,0.,3.8729966945903787,3.8729966945903787
0.,0.,3.8730015204414427,3.8730015204414427
0.,0.,3.872996789202642,3.872996789202642
0.,0.,3.873000466125796,3.873000466125796
0.,0.,3.873002863698567,3.873002863698567
0.,0.,3.873000193701264,3.873000193701264
0.,0.,3.873001426563457,3.873001426563457
0.,0.,3.872999054652264,3.872999054652264
0.,0.,3.873001946801458,3.873001946801458
0.,0.,3.8730031950699906,3.8730031950699906
0.,0.,3.873002413712393,3.873002413712393
0.,0.,3.8730023570325707,3.8730023570325707
0.,0.,3.872996937253459,3.872996937253459
0.,0.,3.873003077141033,3.873003077141033
0.,0.,3.8730020261181797,3.8730020261181797
0.,0.,3.872999691237652,3.872999691237652
0.,0.,3.8729989372532483,3.8729989372532483
0.,0.,3.8730007724838384,3.8730007724838384
0.,0.,3.873002421092004,3.873002421092004
0.,0.,3.873002361622975,3.873002361622975
0.,0.,3.872998840538915,3.872998840538915
0.,0.,3.8730009718905505,3.8730009718905505
0.,0.,3.8729981866593906,3.8729981866593906
0.,0.,3.873002996520038,3.873002996520038
0.,0.,3.8730025694912817,3.8730025694912817
0.,0.,3.872997256818063,3.872997256818063
0.,0.,3.872996785883268,3.872996785883268
0.,0.,3.87300285804632,3.87300285804632
0.,0.,3.873001034858814,3.873001034858814
0.,0.,3.8729993747771867,3.8729993747771867
0.,0.,3.87299639525962,3.87299639525962
0.,0.,3.8729985668110456,3.8729985668110456
0.,0.,3.8729995836621183,3.8729995836621183
0.,0.,3.8729969724497937,3.8729969724497937
0.,0.,3.8729984379445153,3.8729984379445153
0.,0.,3.8729986795842217,3.8729986795842217
0.,0.,3.872997890295645,3.872997890295645
0.,0.,3.8729968425394183,3.8729968425394183
0.,0.,3.8729965681152203,3.8729965681152203
0.,0.,3.8729964586868646,3.8729964586868646
0.,0.,3.873000361567233,3.873000361567233
0.,0.,3.872996973804029,3.872996973804029
0.,0.,3.8730017346540686,3.8730017346540686
0.,0.,3.8729987794981735,3.8729987794981735
0.,0.,3.8729965840343317,3.8729965840343317
0.,0.,3.873000804293246,3.873000804293246
0.,0.,3.872999673077288,3.872999673077288
0.,0.,3.873001889278617,3.873001889278617
0.,0.,3.8729980422569406,3.8729980422569406
0.,0.,3.8730010850395815,3.8730010850395815
0.,0.,3.873000562003121,3.873000562003121
0.,0.,3.872999425372796,3.872999425372796
0.,0.,3.873001381709642,3.873001381709642
0.,0.,3.8729972671775506,3.8729972671775506
0.,0.,3.872998419226223,3.872998419226223
0.,0.,3.8729981398039106,3.8729981398039106
0.,0.,3.8730003447592627,3.8730003447592627
0.,0.,3.8730031013030874,3.8730031013030874
0.,0.,3.8730010930491345,3.8730010930491345
0.,0.,3.8729986604973434,3.8729986604973434
0.,0.,3.8729971284140703,3.8729971284140703
0.,0.,3.873002060760422,3.873002060760422
0.,0.,3.872999949431733,3.872999949431733
0.,0.,3.873001473782083,3.873001473782083
0.,0.,3.8729987504313534,3.8729987504313534
0.,0.,3.8729966858054805,3.8729966858054805
0.,0.,3.8729980099793684,3.8729980099793684
0.,0.,3.873000921479087,3.873000921479087
0.,0.,3.872998903904963,3.872998903904963
0.,0.,3.8729974106121707,3.8729974106121707
0.,0.,3.873001149367601,3.873001149367601
0.,0.,3.8729974692281526,3.8729974692281526
0.,0.,3.8729979575521902,3.8729979575521902
0.,0.,3.8729983909439887,3.8729983909439887
0.,0.,3.87300315160721,3.87300315160721
0.,0.,3.87300156541992,3.87300156541992
0.,0.,3.873000776946621,3.873000776946621
0.,0.,3.873003611655226,3.873003611655226
0.,0.,3.872998214313203,3.872998214313203
0.,0.,3.87300197049241,3.87300197049241
0.,0.,3.87300243959928,3.87300243959928
0.,0.,3.872998691882683,3.872998691882683
0.,0.,3.8730024991956418,3.8730024991956418
0.,0.,3.872996365622801,3.872996365622801
0.,0.,3.87299708973828,3.87299708973828
0.,0.,3.8729970089151826,3.8729970089151826
0.,0.,3.873001570128795,3.873001570128795
0.,0.,3.8730008000186142,3.8730008000186142
0.,0.,3.8730031436251022,3.8730031436251022
0.,0.,3.873000554281216,3.873000554281216
0.,0.,3.872999588984832,3.872999588984832
0.,0.,3.8729973005285228,3.8729973005285228
0.,0.,3.872999202954975,3.872999202954975
0.,0.,3.873001519646371,3.873001519646371
0.,0.,3.872999099661105,3.872999099661105
0.,0.,3.8729986975002073,3.8729986975002073
0.,0.,3.872997487129259,3.872997487129259
0.,0.,3.872997313172423,3.872997313172423
0.,0.,3.872997187887227,3.872997187887227
0.,0.,3.872998506123391,3.872998506123391
0.,0.,3.873003331702209,3.873003331702209
0.,0.,3.8729970914972816,3.8729970914972816
0.,0.,3.8730001272664394,3.8730001272664394
0.,0.,3.872999685285393,3.872999685285393
0.,0.,3.872997480356978,3.872997480356978
0.,0.,3.8729990338346396,3.8729990338346396
0.,0.,3.873000097033073,3.873000097033073
0.,0.,3.8729988142161083,3.8729988142161083
0.,0.,3.8730035054777403,3.8730035054777403
0.,0.,3.8729992103586635,3.8729992103586635
0.,0.,3.872997473012657,3.872997473012657
0.,0.,3.872996435255473,3.872996435255473
0.,0.,3.873000565490774,3.873000565490774
0.,0.,3.8730009886383354,3.8730009886383354
0.,0.,3.8730020073002502,3.8730020073002502
0.,0.,3.8730010718559797,3.8730010718559797
0.,0.,3.872999858648644,3.872999858648644
0.,0.,3.8730028315910863,3.8730028315910863
0.,0.,3.872996674113753,3.872996674113753
0.,0.,3.8730007604254952,3.8730007604254952
0.,0.,3.8730009258625535,3.8730009258625535
0.,0.,3.8730000305323258,3.8730000305323258
0.,0.,3.8730005947870163,3.8730005947870163
0.,0.,3.873003418689622,3.873003418689622
0.,0.,3.8729996762154904,3.8729996762154904
0.,0.,3.873001371432906,3.873001371432906
0.,0.,3.873003146037248,3.873003146037248
0.,0.,3.872997628209875,3.872997628209875
0.,0.,3.872998790804939,3.872998790804939
0.,0.,3.8730006292718238,3.8730006292718238
0.,0.,3.87299998798947,3.87299998798947
0.,0.,3.8730008495104267,3.8730008495104267
0.,0.,3.872998923267628,3.872998923267628
0.,0.,3.8729973554454955,3.8729973554454955
0.,0.,3.873003141220306,3.873003141220306
0.,0.,3.872997113302027,3.872997113302027
0.,0.,3.8729993697150147,3.8729993697150147
0.,0.,3.872998225937442,3.872998225937442
0.,0.,3.8729971859946066,3.8729971859946066
0.,0.,3.8729970851807076,3.8729970851807076
0.,0.,3.872999759836443,3.872999759836443
0.,0.,3.872997131187026,3.872997131187026
0.,0.,3.8729969170525367,3.8729969170525367
0.,0.,3.872999398115194,3.872999398115194
0.,0.,3.8730033373471056,3.8730033373471056
0.,0.,3.8730030429132287,3.8730030429132287
0.,0.,3.872996926454422,3.872996926454422
0.,0.,3.8730010324394875,3.8730010324394875
0.,0.,3.873002402855703,3.873002402855703
0.,0.,3.8729985218505223,3.8729985218505223
0.,0.,3.87299874288057,3.87299874288057
0.,0.,3.8729970382521097,3.8729970382521097
0.,0.,3.8730020709395045,3.8730020709395045
0.,0.,3.873000746830248,3.873000746830248
0.,0.,3.872999507512095,3.872999507512095
0.,0.,3.8729986764452398,3.8729986764452398
0.,0.,3.873002011622314,3.873002011622314
0.,0.,3.8729976851273293,3.8729976851273293
0.,0.,3.8730033775125086,3.8730033775125086
0.,0.,3.8730004382335195,3.8730004382335195
0.,0.,3.8730035890697776,3.8730035890697776
0.,0.,3.872999962683319,3.872999962683319
0.,0.,3.872996338229716,3.872996338229716
0.,0.,3.8729975219566932,3.8729975219566932
0.,0.,3.872997098484412,3.872997098484412
0.,0.,3.8729996540715965,3.8729996540715965
0.,0.,3.8730028239911363,3.8730028239911363
0.,0.,3.8730019939507905,3.8730019939507905
0.,0.,3.873003344272741,3.873003344272741
0.,0.,3.873002501823883,3.873002501823883
0.,0.,3.8729985467385206,3.8729985467385206
0.,0.,3.873000889447137,3.873000889447137
0.,0.,3.8729970328671977,3.8729970328671977
0.,0.,3.8729974163452945,3.8729974163452945
0.,0.,3.8730027104625644,3.8730027104625644
0.,0.,3.873002864320555,3.873002864320555
0.,0.,3.873001850513318,3.873001850513318
0.,0.,3.8730016893573005,3.8730016893573005
0.,0.,3.8730027152508706,3.8730027152508706
0.,0.,3.8729979184364614,3.8729979184364614
0.,0.,3.8730006343633954,3.8730006343633954
0.,0.,3.8730018312819348,3.8730018312819348
0.,0.,3.8729997862577057,3.8729997862577057
0.,0.,3.873000286232687,3.873000286232687
0.,0.,3.873000305056201,3.873000305056201
0.,0.,3.8729975200976394,3.8729975200976394
0.,0.,3.873002751588927,3.873002751588927
0.,0.,3.8729982209674905,3.8729982209674905
0.,0.,3.873002016001933,3.873002016001933
0.,0.,3.873001812566624,3.873001812566624
0.,0.,3.8729993492634427,3.8729993492634427
0.,0.,3.87299743419084,3.87299743419084
0.,0.,3.8730009221738317,3.8730009221738317
0.,0.,3.8729978835204295,3.8729978835204295
0.,0.,3.873003561760293,3.873003561760293
0.,0.,3.8729999308663143,3.8729999308663143
0.,0.,3.8729983632293683,3.8729983632293683
0.,0.,3.872997727001336,3.872997727001336
0.,0.,3.872998609379949,3.872998609379949
0.,0.,3.8729997846398376,3.8729997846398376
0.,0.,3.8729975483414965,3.8729975483414965
0.,0.,3.872997809131617,3.872997809131617
0.,0.,3.872996772614464,3.872996772614464
0.,0.,3.8729966255877764,3.8729966255877764
0.,0.,3.872997878555046,3.872997878555046
0.,0.,3.8729992475560118,3.8729992475560118
0.,0.,3.872997836530743,3.872997836530743
0.,0.,3.8730028137962518,3.8730028137962518
0.,0.,3.8730010747440837,3.8730010747440837
0.,0.,3.8729984450245056,3.8729984450245056
0.,0.,3.873003537931867,3.873003537931867
0.,0.,3.872997613453107,3.872997613453107
0.,0.,3.872997767332341,3.872997767332341
0.,0.,3.8729984955020402,3.8729984955020402
0.,0.,3.8729995283488288,3.8729995283488288
0.,0.,3.8729998866889086,3.8729998866889086
0.,0.,3.8729971681466133,3.8729971681466133
0.,0.,3.87299747122011,3.87299747122011
0.,0.,3.872997044714672,3.872997044714672
0.,0.,3.873003418089633,3.873003418089633
0.,0.,3.872999287539358,3.872999287539358
0.,0.,3.872996774959974,3.872996774959974
0.,0.,3.8730018143048053,3.8730018143048053
0.,0.,3.872998657955015,3.872998657955015
0.,0.,3.8730000976609116,3.8730000976609116
0.,0.,3.873000007185012,3.873000007185012
0.,0.,3.8730016621406875,3.8730016621406875
0.,0.,3.8730029026577144,3.8730029026577144
0.,0.,3.8730035499142095,3.8730035499142095
0.,0.,3.8729993723979614,3.8729993723979614
0.,0.,3.8730016062517207,3.8730016062517207
0.,0.,3.872998433871726,3.872998433871726
0.,0.,3.8729994729067165,3.8729994729067165
0.,0.,3.87300011636596,3.87300011636596
0.,0.,3.873002934418109,3.873002934418109
0.,0.,3.873001585015194,3.873001585015194
0.,0.,3.873000982616581,3.873000982616581
0.,0.,3.8729968773229335,3.8729968773229335
0.,0.,3.8729983704811985,3.8729983704811985
0.,0.,3.8730036577200457,3.8730036577200457
0.,0.,3.872999610186632,3.872999610186632
0.,0.,3.873002969036767,3.873002969036767
0.,0.,3.8729996286542527,3.8729996286542527
0.,0.,3.873001791125207,3.873001791125207
0.,0.,3.872998907403372,3.872998907403372
0.,0.,3.8729995648304785,3.8729995648304785
0.,0.,3.87299765336751,3.87299765336751
0.,0.,3.8729972098631893,3.8729972098631893
0.,0.,3.8729985934003457,3.8729985934003457
0.,0.,3.873002539319528,3.873002539319528
0.,0.,3.8730024207049776,3.8730024207049776
0.,0.,3.8729986676039005,3.8729986676039005
0.,0.,3.8730011293544044,3.8730011293544044
0.,0.,3.8730002816000466,3.8730002816000466
0.,0.,3.8729967417088136,3.8729967417088136
0.,0.,3.8730032829890257,3.8730032829890257
0.,0.,3.872999807637154,3.872999807637154
0.,0.,3.8729992231794976,3.8729992231794976
0.,0.,3.8730029700620756,3.8730029700620756
0.,0.,3.8729979510479446,3.8729979510479446
0.,0.,3.8730005374915746,3.8730005374915746
0.,0.,3.872996924274926,3.872996924274926
0.,0.,3.873000457342983,3.873000457342983
0.,0.,3.8729995806583926,3.8729995806583926
0.,0.,3.8729998824781346,3.8729998824781346
0.,0.,3.8730018625797062,3.8730018625797062
0.,0.,3.873003019412787,3.873003019412787
0.,0.,3.8730036702845645,3.8730036702845645
0.,0.,3.8730030630351195,3.8730030630351195
0.,0.,3.8729992155780164,3.8729992155780164
0.,0.,3.872997421918955,3.872997421918955
0.,0.,3.8730014496090543,3.8730014496090543
0.,0.,3.873003623158952,3.873003623158952
0.,0.,3.8730018016358456,3.8730018016358456
0.,0.,3.8729969143731755,3.8729969143731755
0.,0.,3.8730027772257256,3.8730027772257256
0.,0.,3.8730019861484064,3.8730019861484064
0.,0.,3.8730007889405123,3.8730007889405123
0.,0.,3.873000202699065,3.873000202699065
0.,0.,3.873001456951275,3.873001456951275
0.,0.,3.873001326335204,3.873001326335204
0.,0.,3.872999480880057,3.872999480880057
0.,0.,3.8729965327920355,3.8729965327920355
0.,0.,3.8729967162994057,3.8729967162994057
0.,0.,3.872998951244511,3.872998951244511
0.,0.,3.8730017694335186,3.8730017694335186
0.,0.,3.8729977372558944,3.8729977372558944
0.,0.,3.872997970101918,3.872997970101918
0.,0.,3.8730023594554366,3.8730023594554366
0.,0.,3.873001644609424,3.873001644609424
0.,0.,3.87299877842101,3.87299877842101
0.,0.,3.8730021152968215,3.8730021152968215
0.,0.,3.872998960234076,3.872998960234076
0.,0.,3.8729967951823547,3.8729967951823547
0.,0.,3.872999212919568,3.872999212919568
0.,0.,3.8730022883368234,3.8730022883368234
0.,0.,3.8729978205379587,3.8729978205379587
0.,0.,3.873002439832185,3.873002439832185
0.,0.,3.873000928778029,3.873000928778029
0.,0.,3.8729965524075065,3.8729965524075065
0.,0.,3.872996384082781,3.872996384082781
0.,0.,3.8729965632224,3.8729965632224
0.,0.,3.8729999809886944,3.8729999809886944
0.,0.,3.8729990836876818,3.8729990836876818
0.,0.,3.87300109235566,3.87300109235566
0.,0.,3.8730012267113247,3.8730012267113247
0.,0.,3.872999551690949,3.872999551690949
0.,0.,3.872998130309521,3.872998130309521
0.,0.,3.8729998095559797,3.8729998095559797
0.,0.,3.8729989506244396,3.8729989506244396
0.,0.,3.873001184823811,3.873001184823811
0.,0.,3.8729978937681873,3.8729978937681873
0.,0.,3.873000145029419,3.873000145029419
0.,0.,3.8729982885547463,3.8729982885547463
0.,0.,3.8729972088210096,3.8729972088210096
0.,0.,3.873001166407551,3.873001166407551
0.,0.,3.873001286549658,3.873001286549658
0.,0.,3.873000605929521,3.873000605929521
0.,0.,3.872998906698996,3.872998906698996
0.,0.,3.873003125476369,3.873003125476369
0.,0.,3.8730011258308443,3.8730011258308443
0.,0.,3.87299814748741,3.87299814748741
0.,0.,3.872999505025605,3.872999505025605
0.,0.,3.873001489006684,3.873001489006684
0.,0.,3.873001500884863,3.873001500884863
0.,0.,3.872998202891083,3.872998202891083
0.,0.,3.8729973721105235,3.8729973721105235
0.,0.,3.873001951439667,3.873001951439667
0.,0.,3.872996497203337,3.872996497203337
0.,0.,3.8730031214265135,3.8730031214265135
0.,0.,3.8730012428610485,3.8730012428610485
0.,0.,3.872999683042888,3.872999683042888
0.,0.,3.8729994349532797,3.8729994349532797
0.,0.,3.8729988989122828,3.8729988989122828
0.,0.,3.8730005115179345,3.8730005115179345
0.,0.,3.87300047439244,3.87300047439244
0.,0.,3.8729993447348536,3.8729993447348536
0.,0.,3.872999203493841,3.872999203493841
0.,0.,3.8729972762466853,3.8729972762466853
0.,0.,3.873002246164646,3.873002246164646
0.,0.,3.873001518773328,3.873001518773328
0.,0.,3.873000410206098,3.873000410206098
0.,0.,3.8730025723579025,3.8730025723579025
0.,0.,3.8729997461291443,3.8729997461291443
0.,0.,3.872998777438952,3.872998777438952
0.,0.,3.872996949548918,3.872996949548918
0.,0.,3.873001024080598,3.873001024080598
0.,0.,3.873000374250796,3.873000374250796
0.,0.,3.8730019496419295,3.8730019496419295
0.,0.,3.8730028968018697,3.8730028968018697
0.,0.,3.8729980069765584,3.8729980069765584
0.,0.,3.872997440956445,3.872997440956445
0.,0.,3.872998199065054,3.872998199065054
0.,0.,3.873000472869827,3.873000472869827
0.,0.,3.8730031672456717,3.8730031672456717
0.,0.,3.8730035059262566,3.8730035059262566
0.,0.,3.873000792081135,3.873000792081135
0.,0.,3.873002950959828,3.873002950959828
0.,0.,3.8730006746967223,3.8730006746967223
0.,0.,3.8729997346266014,3.8729997346266014
0.,0.,3.872997166387507,3.872997166387507
0.,0.,3.8729968688464287,3.8729968688464287
0.,0.,3.8729983357852977,3.8729983357852977
0.,0.,3.8729971286625178,3.8729971286625178
0.,0.,3.873000466760035,3.873000466760035
0.,0.,3.872997419720724,3.872997419720724
0.,0.,3.873000363289529,3.873000363289529
0.,0.,3.8729972668403545,3.8729972668403545
0.,0.,3.873001111333422,3.873001111333422
0.,0.,3.872996967765528,3.872996967765528
0.,0.,3.8730019862117,3.8730019862117
0.,0.,3.8730034534362234,3.8730034534362234
0.,0.,3.872998659280357,3.872998659280357
0.,0.,3.873002888405924,3.873002888405924
0.,0.,3.872999185455068,3.872999185455068
0.,0.,3.8730022282875214,3.8730022282875214
0.,0.,3.8729978382808716,3.8729978382808716
0.,0.,3.872998943148876,3.872998943148876
0.,0.,3.8729965956181425,3.8729965956181425
0.,0.,3.872997467913581,3.872997467913581
0.,0.,3.8730018720169643,3.8730018720169643
0.,0.,3.872997154974752,3.872997154974752
0.,0.,3.8729963100116187,3.8729963100116187
0.,0.,3.8730007022090382,3.8730007022090382
0.,0.,3.8729964164316923,3.8729964164316923
0.,0.,3.872999981415811,3.872999981415811
0.,0.,3.8729998329303927,3.8729998329303927
0.,0.,3.8729964311418614,3.8729964311418614
0.,0.,3.8730010648938964,3.8730010648938964
0.,0.,3.8729987256234217,3.8729987256234217
0.,0.,3.872998437314997,3.872998437314997
0.,0.,3.8730023990421554,3.8730023990421554
0.,0.,3.8730019633587616,3.8730019633587616
0.,0.,3.8729963265915774,3.8729963265915774
0.,0.,3.8729967123459734,3.8729967123459734
0.,0.,3.8730002701979847,3.8730002701979847
0.,0.,3.8729994618573147,3.8729994618573147
0.,0.,3.8730023630113135,3.8730023630113135
0.,0.,3.8729963067920425,3.8729963067920425
0.,0.,3.8729990823093026,3.8729990823093026
0.,0.,3.8730006548998026,3.8730006548998026
0.,0.,3.8730007932119537,3.8730007932119537
0.,0.,3.8729985319465015,3.8729985319465015
0.,0.,3.8729991527601477,3.8729991527601477
0.,0.,3.8729965655724587,3.8729965655724587
0.,0.,3.8729991598777236,3.8729991598777236
0.,0.,3.873002233383156,3.873002233383156
0.,0.,3.8729985629560884,3.8729985629560884
0.,0.,3.8729979702128827,3.8729979702128827
0.,0.,3.8729975856843204,3.8729975856843204
0.,0.,3.872996491776442,3.872996491776442
0.,0.,3.8730010425223402,3.8730010425223402
0.,0.,3.873002449892814,3.873002449892814
0.,0.,3.872999674648568,3.872999674648568
0.,0.,3.873000387006756,3.873000387006756
0.,0.,3.8729994928129443,3.8729994928129443
0.,0.,3.8729993375767675,3.8729993375767675
0.,0.,3.8730010404758284,3.8730010404758284
0.,0.,3.872997545286625,3.872997545286625
0.,0.,3.8729993296523864,3.8729993296523864
0.,0.,3.8730008118250976,3.8730008118250976
0.,0.,3.873000199971342,3.873000199971342
0.,0.,3.8730008595187577,3.8730008595187577
0.,0.,3.8729995502333394,3.8729995502333394
0.,0.,3.8730033333796063,3.8730033333796063
0.,0.,3.873002592267753,3.873002592267753
0.,0.,3.8730021910822585,3.8730021910822585
0.,0.,3.8730011654211083,3.8730011654211083
0.,0.,3.8730005505860583,3.8730005505860583
0.,0.,3.872996416712349,3.872996416712349
0.,0.,3.873003463934842,3.873003463934842
0.,0.,3.87299865788683,3.87299865788683
0.,0.,3.872998550140512,3.872998550140512
0.,0.,3.872996331855359,3.872996331855359
0.,0.,3.8729966687681867,3.8729966687681867
0.,0.,3.872997287204987,3.872997287204987
0.,0.,3.873001576730525,3.873001576730525
0.,0.,3.873003562121938,3.873003562121938
0.,0.,3.8729991550052945,3.8729991550052945
0.,0.,3.8729968220135698,3.8729968220135698
0.,0.,3.8729980750680673,3.8729980750680673
0.,0.,3.873001137686011,3.873001137686011
0.,0.,3.873000336166662,3.873000336166662
0.,0.,3.8729985070455837,3.8729985070455837
0.,0.,3.8730007968178026,3.8730007968178026
0.,0.,3.8730014766788132,3.8730014766788132
0.,0.,3.872997610976561,3.872997610976561
0.,0.,3.8730014497832768,3.8730014497832768
0.,0.,3.872997443516409,3.872997443516409
0.,0.,3.8729990002907035,3.8729990002907035
0.,0.,3.873002939881092,3.873002939881092
0.,0.,3.8729968992299124,3.8729968992299124
0.,0.,3.8730007867358696,3.8730007867358696
0.,0.,3.873003244426118,3.873003244426118
0.,0.,3.872999888525602,3.872999888525602
0.,0.,3.8730011251719687,3.8730011251719687
0.,0.,3.873001598486384,3.873001598486384
0.,0.,3.872997509357409,3.872997509357409
0.,0.,3.8730003356789684,3.8730003356789684
0.,0.,3.8730011131313953,3.8730011131313953
0.,0.,3.8729965495533545,3.8729965495533545
0.,0.,3.8730012809808034,3.8730012809808034
0.,0.,3.8730023325207577,3.8730023325207577
0.,0.,3.8729996251620693,3.8729996251620693
0.,0.,3.8729990716350535,3.8729990716350535
0.,0.,3.8730022689980848,3.8730022689980848
0.,0.,3.8730031235417597,3.8730031235417597
0.,0.,3.873003676557933,3.873003676557933
0.,0.,3.8730035452751865,3.8730035452751865
0.,0.,3.8730000102747386,3.8730000102747386
0.,0.,3.8730034008185745,3.8730034008185745
0.,0.,3.8729987494944593,3.8729987494944593
0.,0.,3.872999746706082,3.872999746706082
0.,0.,3.872999442881558,3.872999442881558
0.,0.,3.8729992290325086,3.8729992290325086
0.,0.,3.8730026803976223,3.8730026803976223
0.,0.,3.873000864984199,3.873000864984199
0.,0.,3.8729994467862876,3.8729994467862876
0.,0.,3.873002442491025,3.873002442491025
0.,0.,3.873001832060929,3.873001832060929
0.,0.,3.873002352805023,3.873002352805023
0.,0.,3.873001973291303,3.873001973291303
0.,0.,3.873002625593461,3.873002625593461
0.,0.,3.8729979038224864,3.8729979038224864
0.,0.,3.8730009438416055,3.8730009438416055
0.,0.,3.873002802320838,3.873002802320838
0.,0.,3.8730013642443386,3.8730013642443386
0.,0.,3.8730015463423495,3.8730015463423495
0.,0.,3.8729971633242877,3.8729971633242877
0.,0.,3.8729996126490414,3.8729996126490414
0.,0.,3.8729979219210953,3.8729979219210953
0.,0.,3.8729972477600603,3.8729972477600603
0.,0.,3.873002704843587,3.873002704843587
0.,0.,3.8730025337615586,3.8730025337615586
0.,0.,3.8729966416766275,3.8729966416766275
0.,0.,3.873000208322729,3.873000208322729
0.,0.,3.873002564432855,3.873002564432855
0.,0.,3.872998260956026,3.872998260956026
0.,0.,3.8730019629467383,3.8730019629467383
0.,0.,3.8730018354925617,3.8730018354925617
0.,0.,3.8730003058691636,3.8730003058691636
0.,0.,3.873000762315719,3.873000762315719
0.,0.,3.87299994762585,3.87299994762585
0.,0.,3.873002383000916,3.873002383000916
0.,0.,3.8730022256061765,3.8730022256061765
0.,0.,3.873001891516707,3.873001891516707
0.,0.,3.873002778907679,3.873002778907679
0.,0.,3.8729975676334982,3.8729975676334982
0.,0.,3.8730030088986216,3.8730030088986216
0.,0.,3.8729970560209463,3.8729970560209463
0.,0.,3.8730000782817076,3.8730000782817076
0.,0.,3.872998710458957,3.872998710458957
0.,0.,3.8729968152184706,3.8729968152184706
0.,0.,3.872997933074503,3.872997933074503
0.,0.,3.872996915023605,3.872996915023605
0.,0.,3.872997389245946,3.872997389245946
0.,0.,3.873000587190367,3.873000587190367
0.,0.,3.873000220474537,3.873000220474537
0.,0.,3.873002365071336,3.873002365071336
0.,0.,3.873001007437762,3.873001007437762
0.,0.,3.872997707839836,3.872997707839836
0.,0.,3.872998801649663,3.872998801649663
0.,0.,3.8729976412486793,3.8729976412486793
0.,0.,3.8729979416895155,3.8729979416895155
0.,0.,3.8730027135791247,3.8730027135791247
0.,0.,3.8729992017787707,3.8729992017787707
0.,0.,3.8730036444046485,3.8730036444046485
0.,0.,3.8730030040507577,3.8730030040507577
0.,0.,3.8730006081514796,3.8730006081514796
0.,0.,3.872999095198479,3.872999095198479
0.,0.,3.8729968574845586,3.8729968574845586
0.,0.,3.8729988023817103,3.8729988023817103
0.,0.,3.8729967190447208,3.8729967190447208
0.,0.,3.872999810972198,3.872999810972198
0.,0.,3.873000838653808,3.873000838653808
0.,0.,3.8730007267372426,3.8730007267372426
0.,0.,3.872997580417728,3.872997580417728
0.,0.,3.872998271532776,3.872998271532776
0.,0.,3.8730019933422057,3.8730019933422057
0.,0.,3.873000200680635,3.873000200680635
0.,0.,3.873002981276561,3.873002981276561
0.,0.,3.8730028190422288,3.8730028190422288
0.,0.,3.872996975442917,3.872996975442917
0.,0.,3.8730026433691824,3.8730026433691824
0.,0.,3.8729986966472216,3.8729986966472216
0.,0.,3.872998646916555,3.872998646916555
0.,0.,3.872998712374857,3.872998712374857
0.,0.,3.8729982725921426,3.8729982725921426
0.,0.,3.8730028027549155,3.8730028027549155
0.,0.,3.8730023803982845,3.8730023803982845
0.,0.,3.8729991227466365,3.8729991227466365
0.,0.,3.87300160113413,3.87300160113413
0.,0.,3.873001135588381,3.873001135588381
0.,0.,3.872997700251286,3.872997700251286
0.,0.,3.872998143828554,3.872998143828554
0.,0.,3.873000250200676,3.873000250200676
0.,0.,3.872998967272152,3.872998967272152
0.,0.,3.873001764294471,3.873001764294471
0.,0.,3.8730011128944586,3.8730011128944586
0.,0.,3.8729964420106398,3.8729964420106398
0.,0.,3.8730023813105636,3.8730023813105636
0.,0.,3.872998484698924,3.872998484698924
0.,0.,3.8729998922483646,3.8729998922483646
0.,0.,3.8730015481577285,3.8730015481577285
0.,0.,3.8729996072937705,3.8729996072937705
0.,0.,3.8730019902785826,3.8730019902785826
0.,0.,3.8729988998777705,3.8729988998777705
0.,0.,3.8729978473156175,3.8729978473156175
0.,0.,3.873002355769327,3.873002355769327
0.,0.,3.8729970358275545,3.8729970358275545
0.,0.,3.873001080221641,3.873001080221641
0.,0.,3.8729979703646076,3.8729979703646076
0.,0.,3.872999237345522,3.872999237345522
0.,0.,3.8730000257041883,3.8730000257041883
0.,0.,3.8729963950091326,3.8729963950091326
0.,0.,3.872997857515827,3.872997857515827
0.,0.,3.873001155556094,3.873001155556094
0.,0.,3.872996615249123,3.872996615249123
0.,0.,3.873003485904371,3.873003485904371
0.,0.,3.873002334083776,3.873002334083776
0.,0.,3.8730005597650923,3.8730005597650923
0.,0.,3.872997852221871,3.872997852221871
0.,0.,3.872998863886861,3.872998863886861
0.,0.,3.873000481121218,3.873000481121218
0.,0.,3.8729997953822726,3.8729997953822726
0.,0.,3.8729972142777025,3.8729972142777025
0.,0.,3.8729993759384773,3.8729993759384773
0.,0.,3.8730022420389036,3.8730022420389036
0.,0.,3.8729965556861896,3.8729965556861896
0.,0.,3.8729997523026323,3.8729997523026323
0.,0.,3.8730005010242428,3.8730005010242428
0.,0.,3.8729989386374064,3.8729989386374064
0.,0.,3.873000748249954,3.873000748249954
0.,0.,3.8729996463711465,3.8729996463711465
0.,0.,3.872997975227475,3.872997975227475
0.,0.,3.8730003616563033,3.8730003616563033
0.,0.,3.8729988465960234,3.8729988465960234
0.,0.,3.87300295513673,3.87300295513673
0.,0.,3.8729988762881495,3.8729988762881495
0.,0.,3.873003527995977,3.873003527995977
0.,0.,3.872998439850551,3.872998439850551
0.,0.,3.8729992037666565,3.8729992037666565
0.,0.,3.872997220009258,3.872997220009258
0.,0.,3.8730028716321856,3.8730028716321856
0.,0.,3.8730029110367443,3.8730029110367443
0.,0.,3.8729982255837347,3.8729982255837347
0.,0.,3.872999747014644,3.872999747014644
0.,0.,3.873003330096551,3.873003330096551
0.,0.,3.8730036463287556,3.8730036463287556
0.,0.,3.87300271692562,3.87300271692562
0.,0.,3.8729981205623742,3.8729981205623742
0.,0.,3.873001127484414,3.873001127484414
0.,0.,3.8730026420055568,3.8730026420055568
0.,0.,3.8730003756477034,3.8730003756477034
0.,0.,3.87300099011966,3.87300099011966
0.,0.,3.872996397085916,3.872996397085916
0.,0.,3.873002096952631,3.873002096952631
0.,0.,3.872999006846256,3.872999006846256
0.,0.,3.873001482966585,3.873001482966585
0.,0.,3.8730021056846184,3.8730021056846184
0.,0.,3.8730035641861664,3.8730035641861664
0.,0.,3.872997628351175,3.872997628351175
0.,0.,3.873003443636868,3.873003443636868
0.,0.,3.8730015058004437,3.8730015058004437
0.,0.,3.873001113759487,3.873001113759487
0.,0.,3.8729965665175463,3.8729965665175463
0.,0.,3.872999336494787,3.872999336494787
0.,0.,3.872998894755672,3.872998894755672
0.,0.,3.873002345309595,3.873002345309595
0.,0.,3.8729974523341406,3.8729974523341406
0.,0.,3.8729979040556515,3.8729979040556515
0.,0.,3.872997345721983,3.872997345721983
0.,0.,3.872998671664601,3.872998671664601
0.,0.,3.8730010741085876,3.8730010741085876
0.,0.,3.8730022363174172,3.8730022363174172
0.,0.,3.8729999012380394,3.8729999012380394
0.,0.,3.872996912357503,3.872996912357503
0.,0.,3.8729999116940204,3.8729999116940204
0.,0.,3.8730015170247105,3.8730015170247105
0.,0.,3.8729972619626722,3.8729972619626722
0.,0.,3.8729986181286646,3.8729986181286646
0.,0.,3.8729989449779603,3.8729989449779603
0.,0.,3.873000439875437,3.873000439875437
0.,0.,3.873001556230638,3.873001556230638
0.,0.,3.8730010422822185,3.8730010422822185
0.,0.,3.8729989069042743,3.8729989069042743
0.,0.,3.87299953479489,3.87299953479489
0.,0.,3.8729968085403756,3.8729968085403756
0.,0.,3.873002008503607,3.873002008503607
0.,0.,3.8729974930574413,3.8729974930574413
0.,0.,3.8730005916520605,3.8730005916520605
0.,0.,3.873000264596687,3.873000264596687
0.,0.,3.8730023611014093,3.8730023611014093
0.,0.,3.873002529629148,3.873002529629148
0.,0.,3.8729996084347507,3.8729996084347507
0.,0.,3.8729967109113907,3.8729967109113907
0.,0.,3.87299920436781,3.87299920436781
0.,0.,3.8729976231434025,3.8729976231434025
0.,0.,3.872997093224142,3.872997093224142
0.,0.,3.873002827146948,3.873002827146948
0.,0.,3.8729977037294865,3.8729977037294865
0.,0.,3.8729969570693594,3.8729969570693594
0.,0.,3.8730006174693123,3.8730006174693123
0.,0.,3.87300197036044,3.87300197036044
0.,0.,3.8729995402568576,3.8729995402568576
0.,0.,3.8729978870780224,3.8729978870780224
0.,0.,3.873002639998437,3.873002639998437
0.,0.,3.8729978936313794,3.8729978936313794
0.,0.,3.872998171570671,3.872998171570671
0.,0.,3.8730028032218886,3.8730028032218886
0.,0.,3.872999452943115,3.872999452943115
0.,0.,3.873003001372703,3.873003001372703
0.,0.,3.873002297356263,3.873002297356263
0.,0.,3.872997713438805,3.872997713438805
0.,0.,3.873001358933431,3.873001358933431
0.,0.,3.873002401515704,3.873002401515704
0.,0.,3.8730005389282987,3.8730005389282987
0.,0.,3.872999883224558,3.872999883224558
0.,0.,3.8729970963991307,3.8729970963991307
0.,0.,3.872996316678904,3.872996316678904
0.,0.,3.8730012974305326,3.8730012974305326
0.,0.,3.8729993290900775,3.8729993290900775
0.,0.,3.8730026607821206,3.8730026607821206
0.,0.,3.8729993006219363,3.8729993006219363
0.,0.,3.8729980316397024,3.8729980316397024
0.,0.,3.8729978281673665,3.8729978281673665
0.,0.,3.872996808794103,3.872996808794103
0.,0.,3.8730032370985623,3.8730032370985623
0.,0.,3.8730016096581155,3.8730016096581155
0.,0.,3.872997221324517,3.872997221324517
0.,0.,3.873000774073465,3.873000774073465
0.,0.,3.8730012761990955,3.8730012761990955
0.,0.,3.8729988557108337,3.8729988557108337
0.,0.,3.8730026091143843,3.8730026091143843
0.,0.,3.8729998353022266,3.8729998353022266
0.,0.,3.8730007443004837,3.8730007443004837
0.,0.,3.8730022339475196,3.8730022339475196
0.,0.,3.8730024685226025,3.8730024685226025
0.,0.,3.873001269252889,3.873001269252889
0.,0.,3.8729989364109163,3.8729989364109163
0.,0.,3.8729997305208324,3.8729997305208324
0.,0.,3.8730006219796516,3.8730006219796516
0.,0.,3.873003007669137,3.873003007669137
0.,0.,3.872999629965176,3.872999629965176
0.,0.,3.8730021842284366,3.8730021842284366
0.,0.,3.8730007457702285,3.8730007457702285
0.,0.,3.8729977983841417,3.8729977983841417
0.,0.,3.8729976491762077,3.8729976491762077
0.,0.,3.8729999486349147,3.8729999486349147
0.,0.,3.87300199557614,3.87300199557614
0.,0.,3.8730003272089104,3.8730003272089104
0.,0.,3.8729979259602816,3.8729979259602816
0.,0.,3.8730021500938414,3.8730021500938414
0.,0.,3.872999575596653,3.872999575596653
0.,0.,3.8730035049570395,3.8730035049570395
0.,0.,3.8730031497275457,3.8730031497275457
0.,0.,3.873000953484014,3.873000953484014
0.,0.,3.872999436879559,3.872999436879559
0.,0.,3.8729982648874555,3.8729982648874555
0.,0.,3.872997888434249,3.872997888434249
0.,0.,3.872998259557303,3.872998259557303
0.,0.,3.872997557991698,3.872997557991698
0.,0.,3.8730032285981086,3.8730032285981086
0.,0.,3.8730013986312954,3.8730013986312954
0.,0.,3.8729995015781067,3.8729995015781067
0.,0.,3.872999856145579,3.872999856145579
0.,0.,3.872998859764427,3.872998859764427
0.,0.,3.873002935172789,3.873002935172789
0.,0.,3.873003384711419,3.873003384711419
0.,0.,3.872999068267924,3.872999068267924
0.,0.,3.872999281122207,3.872999281122207
0.,0.,3.8730013715506404,3.8730013715506404
0.,0.,3.8730018507518897,3.8730018507518897
0.,0.,3.873000348094159,3.873000348094159
0.,0.,3.8730036783007824,3.8730036783007824
0.,0.,3.873001043805063,3.873001043805063
0.,0.,3.8729998815689,3.8729998815689
0.,0.,3.873002470559136,3.873002470559136
0.,0.,3.873000968278085,3.873000968278085
0.,0.,3.872999149210688,3.872999149210688
0.,0.,3.8730007752584794,3.8730007752584794
0.,0.,3.872997043463746,3.872997043463746
0.,0.,3.8729976266367796,3.8729976266367796
0.,0.,3.8729973131415827,3.8729973131415827
0.,0.,3.873002222763636,3.873002222763636
0.,0.,3.872997381458707,3.872997381458707
0.,0.,3.8730002934563106,3.8730002934563106
0.,0.,3.8730004334201222,3.8730004334201222
0.,0.,3.872999037176733,3.872999037176733
0.,0.,3.8730014569055706,3.8730014569055706
0.,0.,3.872996485631895,3.872996485631895
0.,0.,3.873001130298196,3.873001130298196
0.,0.,3.873003565625948,3.873003565625948
0.,0.,3.8729995820983443,3.8729995820983443
0.,0.,3.8730006817354035,3.8730006817354035
0.,0.,3.872999796673192,3.872999796673192
0.,0.,3.872996831937683,3.872996831937683
0.,0.,3.8730002450890715,3.8730002450890715
0.,0.,3.8730002360921225,3.8730002360921225
0.,0.,3.873002636649594,3.873002636649594
0.,0.,3.873001024770054,3.873001024770054
0.,0.,3.872998568249986,3.872998568249986
0.,0.,3.87299983088847,3.87299983088847
0.,0.,3.8730017374653833,3.8730017374653833
0.,0.,3.8730028301595456,3.8730028301595456
0.,0.,3.8729990005355575,3.8729990005355575
0.,0.,3.87299863222626,3.87299863222626
0.,0.,3.87300321188484,3.87300321188484
0.,0.,3.873002363381787,3.873002363381787
0.,0.,3.872997780084681,3.872997780084681
0.,0.,3.872996952591699,3.872996952591699
0.,0.,3.8729987077310035,3.8729987077310035
0.,0.,3.8730017212397496,3.8730017212397496
0.,0.,3.873000925991426,3.873000925991426
0.,0.,3.872996742122707,3.872996742122707
0.,0.,3.8729992287042223,3.8729992287042223
0.,0.,3.8730013465255735,3.8730013465255735
0.,0.,3.872998901978117,3.872998901978117
0.,0.,3.873000436876918,3.873000436876918
0.,0.,3.872998133338826,3.872998133338826
0.,0.,3.8730000805660816,3.8730000805660816
0.,0.,3.873000883246424,3.873000883246424
0.,0.,3.872999978719453,3.872999978719453
0.,0.,3.872996311203721,3.872996311203721
0.,0.,3.872997970947496,3.872997970947496
0.,0.,3.8729990691289915,3.8729990691289915
0.,0.,3.872997656643715,3.872997656643715
0.,0.,3.87300297906776,3.87300297906776
0.,0.,3.873001955583753,3.873001955583753
0.,0.,3.873003535882052,3.873003535882052
0.,0.,3.8729974159883223,3.8729974159883223
0.,0.,3.8730036086870765,3.8730036086870765
0.,0.,3.873000955963395,3.873000955963395
0.,0.,3.873001905690034,3.873001905690034
0.,0.,3.8729983214116976,3.8729983214116976
0.,0.,3.873001158242098,3.873001158242098
0.,0.,3.873001722130352,3.873001722130352
0.,0.,3.873002148076443,3.873002148076443
0.,0.,3.8729985813427765,3.8729985813427765
0.,0.,3.872999272816796,3.872999272816796
0.,0.,3.873002609035161,3.873002609035161
0.,0.,3.873000154360083,3.873000154360083
0.,0.,3.8730032684665825,3.8730032684665825
0.,0.,3.8730020149092717,3.8730020149092717
0.,0.,3.873002528126248,3.873002528126248
0.,0.,3.872996328213157,3.872996328213157
0.,0.,3.873000439521744,3.873000439521744
0.,0.,3.872998065919185,3.872998065919185
0.,0.,3.8729966503965145,3.8729966503965145
0.,0.,3.87300110581617,3.87300110581617
0.,0.,3.873000443757444,3.873000443757444
0.,0.,3.8730023465601926,3.8730023465601926
0.,0.,3.873001086393111,3.873001086393111
0.,0.,3.8729967265509524,3.8729967265509524
0.,0.,3.8730003526219106,3.8730003526219106
0.,0.,3.8729972942630373,3.8729972942630373
0.,0.,3.8729984520130025,3.8729984520130025
0.,0.,3.8729969739370365,3.8729969739370365
0.,0.,3.872996357840158,3.872996357840158
0.,0.,3.873000478609807,3.873000478609807
0.,0.,3.87300234503792,3.87300234503792
0.,0.,3.8730036638378365,3.8730036638378365
0.,0.,3.8730028968588295,3.8730028968588295
0.,0.,3.873002569223597,3.873002569223597
0.,0.,3.8730001158742584,3.8730001158742584
0.,0.,3.8729992727408136,3.8729992727408136
0.,0.,3.8730020983449434,3.8730020983449434
0.,0.,3.872997149131837,3.872997149131837
0.,0.,3.8730025661052045,3.8730025661052045
0.,0.,3.872998458527343,3.872998458527343
0.,0.,3.8729969416990753,3.8729969416990753
0.,0.,3.872998795196098,3.872998795196098
0.,0.,3.873003018305321,3.873003018305321
0.,0.,3.8730021730543074,3.8730021730543074
0.,0.,3.8730008076393982,3.8730008076393982
0.,0.,3.8730020721770515,3.8730020721770515
0.,0.,3.8730005406421015,3.8730005406421015
0.,0.,3.873000170681694,3.873000170681694
0.,0.,3.8730018653391554,3.8730018653391554
0.,0.,3.8729977549650205,3.8729977549650205
0.,0.,3.872999597998573,3.872999597998573
0.,0.,3.872997609385473,3.872997609385473
0.,0.,3.8729995673979176,3.8729995673979176
0.,0.,3.872998214290695,3.872998214290695
0.,0.,3.8730033629478973,3.8730033629478973
0.,0.,3.872999423126604,3.872999423126604
0.,0.,3.8730016529960456,3.8730016529960456
0.,0.,3.8730011585331563,3.8730011585331563
0.,0.,3.8730013593395785,3.8730013593395785
0.,0.,3.8730030997499414,3.8730030997499414
0.,0.,3.872999555050874,3.872999555050874
0.,0.,3.8729966495245853,3.8729966495245853
0.,0.,3.8730025912624666,3.8730025912624666
0.,0.,3.872997729348968,3.872997729348968
0.,0.,3.8729972651394733,3.8729972651394733
0.,0.,3.8729990759341404,3.8729990759341404
0.,0.,3.8729981610018642,3.8729981610018642
0.,0.,3.872998404866149,3.872998404866149
0.,0.,3.872998215498065,3.872998215498065
0.,0.,3.872997819489977,3.872997819489977
0.,0.,3.8729969778052715,3.8729969778052715
0.,0.,3.87299819966901,3.87299819966901
0.,0.,3.8730025614083843,3.8730025614083843
0.,0.,3.8729990515485637,3.8729990515485637
0.,0.,3.8730023640184736,3.8730023640184736
0.,0.,3.8729975502773097,3.8729975502773097
0.,0.,3.873003662896993,3.873003662896993
0.,0.,3.8730001179278504,3.8730001179278504
0.,0.,3.8730014079409214,3.8730014079409214
0.,0.,3.8729996067862458,3.8729996067862458
0.,0.,3.8730012210382077,3.8730012210382077
0.,0.,3.8729987628346305,3.8729987628346305
0.,0.,3.8729976496067833,3.8729976496067833
0.,0.,3.8729991676116575,3.8729991676116575
0.,0.,3.872999663072591,3.872999663072591
0.,0.,3.872998668237458,3.872998668237458
0.,0.,3.872996530719077,3.872996530719077
0.,0.,3.8729984105923827,3.8729984105923827
0.,0.,3.8729974579056905,3.8729974579056905
0.,0.,3.8730020880129583,3.8730020880129583
0.,0.,3.8729994167060444,3.8729994167060444
0.,0.,3.873000597107565,3.873000597107565
0.,0.,3.873000522735293,3.873000522735293
0.,0.,3.8730030772953334,3.8730030772953334
0.,0.,3.873002567989589,3.873002567989589
0.,0.,3.873000039942701,3.873000039942701
0.,0.,3.8730007824969857,3.8730007824969857
0.,0.,3.873001756826101,3.873001756826101
0.,0.,3.8730015349056917,3.8730015349056917
0.,0.,3.8729981483801033,3.8729981483801033
0.,0.,3.8730007490285137,3.8730007490285137
0.,0.,3.8729988394007515,3.8729988394007515
0.,0.,3.873000105028347,3.873000105028347
0.,0.,3.8729984840186784,3.8729984840186784
0.,0.,3.873001448899221,3.873001448899221
0.,0.,3.8730026234350317,3.8730026234350317
0.,0.,3.873002205959627,3.873002205959627
0.,0.,3.8730036568340513,3.8730036568340513
0.,0.,3.8730002424415284,3.8730002424415284
0.,0.,3.8729963988066833,3.8729963988066833
0.,0.,3.873002569527608,3.873002569527608
0.,0.,3.872999546295984,3.872999546295984
0.,0.,3.8729974708066774,3.8729974708066774
0.,0.,3.872998543175006,3.872998543175006
0.,0.,3.8730013312859732,3.8730013312859732
0.,0.,3.873000062564165,3.873000062564165
0.,0.,3.8730030094059824,3.8730030094059824
0.,0.,3.8730026527862975,3.8730026527862975